170 653
153 397
149 026
126 654
131 199
158 418
150 995
149 884
149,07
149 227
165 287
148 571
128 002
173 165
155 742
154 221
144 632
130 694
145 692
165 708
137 309
179,73
178 568
143 319
136 759
167 256
166 397
152 914
123 826
146 955
164 626
129 532
160 439
175 689
141,45
179 578
147 113
158 115
177 194
169,21
177 507
149 632
175,74
153 722
145 692
177 356
159 372
154,48
150 945
150 642
178 113
178 821
165 553
136 552
139 632
158 822
139 077
152 662
158 873
155,56
156 197
147 409
164 882
172 205
147 511
152 257
161 752
158 469
155,54
168 973
167 862
152 662
137 208
154 328
136 956
158 873
178 518
122,16
150 793
132 563
133 256
141 299
167 768
159 479
146 904
169 781
165 656
139 127
153 318
163 367
156 702
171 992
169,73
166 802
189 375
165 438
132 209
145 945
142 915
152 055
112 716
178 922
147 965
177,04
175 588
139 481
128,26
161 953
170 538
163 873
149 227
148,52
155 439
175 083
161 196
180 891
168 417
163 115
178,77
175 538
156 752
157 913
171 751
147 763
172 306
165 691
177 103
170 488
172 609
183 871
184 173
164 075
165 286
181 194
154 076
178 063
138,42
140 541
149 985
136,45
168,67
169,21
130 166
156 096
167 407
149 177
151 147
120 796
154,53
163 317
144 127
148 915
124 448
166 599
157 156
154 169
141 292
157 863
140 895
167 508
168 721
116 857
164 984
158 772
118,17
158,57
167 306
169 023
126 502
173 972
161 246
154 176
148 761
135 037
149 076
165 792
169 629
169 529
149 227
137 057
161 072
157,61
166 499
149 379
172 811
163 029
127 765
152 418
137 006
144 279
145 894
147 864
120 039
169 175
159 782
157 055
160 338
113 474
141 956
148 194
165 337
156 499
163 014
173 922
153 166
163 338
155 715
167 105
119 685
142,41
128 977
151 248
162 205
146,5
126 099
151 904
174 275
154 581
139 481
145 541
160 691
143 268
137 713
139 885
163 418
146 399
172 455
177 204
146 399
149 531
155 843
132 916
138 623
163 772
135,39
141 551
120 291
115,64
152 056
149 732
148 167
179 578
140 339
170 286
122 285
158 065
145 541
135 189
149 025
153 874
144,43
148 218
140 137
141 451
176 164
119 735
177 255
145 464
151,55
157 661
147 561
150 541
154 633
140 289
123 119
136 401
151 096
143 117
178 164
122 917
167 201
123 826
164 327
164 579
151 027
129,28
154 631
156 853
169 725
165 791
172,76
157,51
162,36
140 036
154 833
177 255
163 267
147 834
160 085
158,57
161 802
159 428
169 428
124 785
165 605
174 052
139 481
165 691
156,6
139 431
148 874
137 814
172 912
129 532
140 188
126,3
156 197
151 752
145 288
129 445
121 654
141 652
140,88
132 159
169 074
146 288
167 155
161 449
142 763
126 351
157 409
145 086
151 197
148 874
151 903
149 688
137 966
166 246
161 072
165 965
164,63
151 248
157 105
124 482
142 258
136 804
129 482
125 189
153 167